76
138 194 138 184
137 223 141 213
138 254 145 241
141 284 151 269
151 312 160 295
168 337 179 315
191 358 203 332
216 374 229 346
244 378 259 348
272 375 288 342
296 359 316 328
320 340 340 310
338 316 356 288
349 288 363 259
355 258 367 230
357 230 371 202
357 202 373 173
161 180 149 151
175 166 162 135
196 161 182 132
218 163 202 136
238 171 222 145
273 173 267 145
292 168 290 138
311 167 311 135
329 174 333 137
340 190 350 151
251 192 247 166
250 210 247 183
248 227 247 199
247 246 248 216
225 258 229 231
235 262 239 233
247 266 250 235
259 263 261 231
271 259 273 228
186 194 176 171
198 188 188 162
212 189 203 163
224 196 216 172
210 198 202 174
197 198 188 175
278 199 283 171
290 192 295 162
303 193 310 163
313 199 321 170
303 203 310 174
290 202 297 174
207 291 206 268
222 287 222 258
237 285 240 254
249 288 254 256
263 286 269 252
277 288 289 254
292 293 307 261
277 307 292 279
262 313 273 288
248 314 257 290
233 313 242 290
221 305 224 285
214 292 212 269
236 294 240 262
249 295 254 262
262 294 270 259
286 293 300 262
262 301 271 276
248 302 256 278
235 299 241 278
  0   0   0   0
  0 600   0 600
500   0 500   0
500 600 500 600
  0 300   0 300
250   0 250   0
500 300 500 300
250 600 250 600